(((".emacs" .
   [1 0 0 0 0 0])
  ("provide" .
   [1 0 0 0 0 0 0])
  ("end" .
   [1 0 0])
  ("iter" .
   [0 0 1 0])
  ("c/c++-gcc" .
   [1 0 0 0 0 0 0 0 0])
  ("array" .
   [1 0 0 0 0])
  ("alias" .
   [0 0 0 0 1])
  ("inputBuffer" .
   [0 0 0 1 2 0 0 0 0 0 1])
  ("search" .
   [0 0 0 1 0 0])
  ("countArray" .
   [2 0 1 3 0 2 1 0 0 2])
  ("count" .
   [10 0 0 0 0])
  ("main" .
   [3 0 1 0])
  ("stdio.h" .
   [1 0 0 2 0 0 3])
  ("include" .
   [0 0 0 1 0 1 5])
  ("malloc" .
   [5 0 1 0 0 0])
  ("stdlib.h" .
   [3 0 0 1 1 1 0 2])
  ("buf_size" .
   [1 0 1 3 0 0 1 1])
  ("buffer" .
   [9 0 0 0 2 0])
  ("sizeof" .
   [0 0 0 1 2 0])
  ("in" .
   [6 0])
  ("FILE" .
   [4 0 0 0])
  ("fp" .
   [11 0])
  ("lengthOfFile" .
   [0 0 0 1 0 0 0 0 0 0 0 0])
  ("printf" .
   [2 0 0 1 0 6])
  ("return" .
   [0 0 1 0 0 0])
  ("fopen" .
   [0 0 1 0 0])
  ("output" .
   [3 0 0 0 1 1])
  ("input" .
   [3 0 0 0 0])
  ("position" .
   [5 0 0 0 0 0 0 1])
  ("outputBuffer" .
   [0 0 0 1 0 0 0 1 0 0 0 0])
  ("setID" .
   [1 0 0 0 0])
  ("h" .
   [1])
  ("h1" .
   [3 0])
  ("headings" .
   [3 0 0 0 0 0 0 0])
  ("add" .
   [1 0 0])
  ("struct" .
   [0 0 0 1 0 0])
  ("__main__" .
   [0 0 1 0 0 0 0 0])))
